Prompt 1: tensor([[ 0.0012,  0.0032,  0.0003,  ..., -0.0019,  0.0003,  0.0019],
        [-0.0162, -0.0245, -0.0131,  ...,  0.0026,  0.0479, -0.0129],
        [ 0.0543,  0.0144, -0.0162,  ...,  0.0267,  0.0030, -0.0812],
        ...,
        [-0.0015,  0.0360,  0.0223,  ...,  0.0148,  0.0045, -0.0214],
        [-0.0015,  0.0360,  0.0223,  ...,  0.0148,  0.0045, -0.0214],
        [-0.0015,  0.0360,  0.0223,  ...,  0.0148,  0.0045, -0.0214]],
       device='cuda:0', grad_fn=<UnbindBackward0>)
Prompt 2: tensor([[ 0.0012,  0.0032,  0.0003,  ..., -0.0019,  0.0003,  0.0019],
        [ 0.0217, -0.0496,  0.0132,  ...,  0.0164, -0.0246,  0.0165],
        [ 0.0143,  0.0531, -0.0162,  ..., -0.0266,  0.0332,  0.0067],
        ...,
        [-0.0015,  0.0360,  0.0223,  ...,  0.0148,  0.0045, -0.0214],
        [-0.0015,  0.0360,  0.0223,  ...,  0.0148,  0.0045, -0.0214],
        [-0.0015,  0.0360,  0.0223,  ...,  0.0148,  0.0045, -0.0214]],
       device='cuda:0', grad_fn=<UnbindBackward0>)
Prompt 3: tensor([[ 0.0012,  0.0032,  0.0003,  ..., -0.0019,  0.0003,  0.0019],
        [-0.0443,  0.0736,  0.0742,  ...,  0.0100,  0.0954, -0.0408],
        [-0.0777,  0.0536,  0.0486,  ..., -0.0290, -0.1478,  0.0788],
        ...,
        [-0.0015,  0.0360,  0.0223,  ...,  0.0148,  0.0045, -0.0214],
        [-0.0015,  0.0360,  0.0223,  ...,  0.0148,  0.0045, -0.0214],
        [-0.0015,  0.0360,  0.0223,  ...,  0.0148,  0.0045, -0.0214]],
       device='cuda:0', grad_fn=<UnbindBackward0>)
Prompt 4: tensor([[ 0.0012,  0.0032,  0.0003,  ..., -0.0019,  0.0003,  0.0019],
        [-0.0591, -0.0647,  0.0485,  ...,  0.1139,  0.0078, -0.0943],
        [-0.1136,  0.0615,  0.0025,  ...,  0.0019, -0.0015, -0.0034],
        ...,
        [-0.0015,  0.0360,  0.0223,  ...,  0.0148,  0.0045, -0.0214],
        [-0.0015,  0.0360,  0.0223,  ...,  0.0148,  0.0045, -0.0214],
        [-0.0015,  0.0360,  0.0223,  ...,  0.0148,  0.0045, -0.0214]],
       device='cuda:0', grad_fn=<UnbindBackward0>)
Prompt 5: tensor([[ 0.0012,  0.0032,  0.0003,  ..., -0.0019,  0.0003,  0.0019],
        [-0.0891,  0.0159, -0.0398,  ...,  0.0118,  0.0516,  0.0389],
        [-0.0485, -0.0593, -0.0400,  ..., -0.0363,  0.0535,  0.0312],
        ...,
        [-0.0015,  0.0360,  0.0223,  ...,  0.0148,  0.0045, -0.0214],
        [-0.0015,  0.0360,  0.0223,  ...,  0.0148,  0.0045, -0.0214],
        [-0.0015,  0.0360,  0.0223,  ...,  0.0148,  0.0045, -0.0214]],
       device='cuda:0', grad_fn=<UnbindBackward0>)
Prompt 6: tensor([[ 0.0012,  0.0032,  0.0003,  ..., -0.0019,  0.0003,  0.0019],
        [-0.0384, -0.0706, -0.0962,  ..., -0.0993, -0.0166,  0.0116],
        [-0.0172,  0.0857,  0.0026,  ...,  0.0740,  0.0182, -0.0206],
        ...,
        [-0.0015,  0.0360,  0.0223,  ...,  0.0148,  0.0045, -0.0214],
        [-0.0015,  0.0360,  0.0223,  ...,  0.0148,  0.0045, -0.0214],
        [-0.0015,  0.0360,  0.0223,  ...,  0.0148,  0.0045, -0.0214]],
       device='cuda:0', grad_fn=<UnbindBackward0>)
Prompt 7: tensor([[ 0.0012,  0.0032,  0.0003,  ..., -0.0019,  0.0003,  0.0019],
        [ 0.0460, -0.0462,  0.0707,  ..., -0.0211,  0.0188, -0.0190],
        [ 0.0703, -0.0953, -0.1071,  ...,  0.0405,  0.0243, -0.0427],
        ...,
        [-0.0015,  0.0360,  0.0223,  ...,  0.0148,  0.0045, -0.0214],
        [-0.0015,  0.0360,  0.0223,  ...,  0.0148,  0.0045, -0.0214],
        [-0.0015,  0.0360,  0.0223,  ...,  0.0148,  0.0045, -0.0214]],
       device='cuda:0', grad_fn=<UnbindBackward0>)
